Topic R101: 
		 DocID 		 Weight 
		 82454 		 0
		 82330 		 -19.646803024564193
		 82912 		 -19.646803024564193
		 83167 		 -19.646803024564193
		 26642 		 -19.646803024564193
		 18586 		 -19.646803024564193
		 27577 		 -19.646803024564193
		 80425 		 -19.646803024564193
		 61780 		 -38.05656685182753
		 30647 		 -38.05656685182753

Topic R102: 
		 DocID 		 Weight 
		 21895 		 -21.25986083468262
		 44758 		 -21.25986083468262
		 9479 		 -40.477355638559715
		 25205 		 -40.477355638559715
		 76675 		 -40.477355638559715
		 4439 		 -40.477355638559715
		 7118 		 -40.477355638559715
		 44163 		 -40.477355638559715
		 26080 		 -40.477355638559715
		 20156 		 -40.477355638559715

Topic R103: 
		 DocID 		 Weight 
		 26644 		 -17.64754786693017
		 53387 		 -32.676876417210885
		 79396 		 -65.38650534637341
		 21894 		 -65.38650534637341
		 83370 		 -100.67200370918684
		 2738 		 -121.63469506643726
		 82912 		 -136.5336269794623
		 21897 		 -136.5336269794623
		 26642 		 -152.00446524038304
		 16391 		 -168.67122371127905

Topic R104: 
		 DocID 		 Weight 
		 46832 		 0
		 21895 		 -52.77516429086714
		 44758 		 -70.65178985807319
		 24494 		 -86.99061803263676
		 25205 		 -137.51228870480222
		 4439 		 -189.82231519868736
		 7118 		 -245.16850289570658
		 44163 		 -299.33655495148895
		 26080 		 -314.7251361612496
		 20156 		 -349.7924079061565

Topic R105: 
		 DocID 		 Weight 
		 3008 		 -47.17695952550038
		 86961 		 -94.24894110772316
		 40259 		 -109.30792761622328
		 62213 		 -109.30792761622328
		 80484 		 -159.57177175218936
		 48148 		 -208.31728803805558
		 22961 		 -249.53017086992838
		 80118 		 -264.792249243806
		 80483 		 -315.05609337977205
		 51493 		 -361.7227550595987

Topic R106: 
		 DocID 		 Weight 
		 6399 		 -12.879266790014407
		 73731 		 -58.1315908946972
		 32963 		 -85.87258131018328
		 61644 		 -98.87192455218944
		 49731 		 -111.3784751374023
		 67169 		 -124.55218928588197
		 61487 		 -136.8613877904749
		 70606 		 -148.95625364352534
		 25029 		 -148.95625364352534
		 7914 		 -161.6925624796977

Topic R107: 
		 DocID 		 Weight 
		 57876 		 -21.83973344860738
		 3169 		 -40.51566715954701
		 59244 		 -76.88356009672106
		 7535 		 -76.88356009672106
		 61532 		 -92.86966218908557
		 59521 		 -111.17080599075221
		 45642 		 -111.17080599075221
		 8007 		 -111.17080599075221
		 41791 		 -127.19694274491899
		 17930 		 -143.29852205470343

Topic R108: 
		 DocID 		 Weight 
		 80518 		 -15.140745966889305
		 82290 		 -29.039108037254696
		 84420 		 -42.88415745082982
		 50314 		 -42.88415745082982
		 5650 		 -55.79587790405023
		 61652 		 -69.49486903328491
		 85265 		 -69.49486903328491
		 14838 		 -84.31392323832709
		 78878 		 -97.74718081212703
		 52263 		 -97.74718081212703

Topic R109: 
		 DocID 		 Weight 
		 25832 		 -32.762224502189284
		 75624 		 -51.25328904278018
		 17498 		 -68.0749738852608
		 64476 		 -116.9112278425552
		 58428 		 -153.22257762463857
		 34684 		 -185.5517870610945
		 67144 		 -219.45820185420456
		 51780 		 -235.8121779753617
		 46566 		 -251.98131442106524
		 11402 		 -267.2180367628247

Topic R110: 
		 DocID 		 Weight 
		 21659 		 -34.873981934362845
		 56638 		 -34.873981934362845
		 53185 		 -71.09375854552717
		 64271 		 -106.37899582924763
		 79552 		 -106.37899582924763
		 75433 		 -143.6464659243207
		 80280 		 -180.32236261737364
		 82907 		 -216.1905194487138
		 75431 		 -253.5334054009114
		 22541 		 -270.2108890752446

Topic R111: 
		 DocID 		 Weight 
		 49650 		 0
		 39410 		 0
		 46968 		 -21.048565931700086
		 78879 		 -21.048565931700086
		 22382 		 -40.6240080030356
		 46228 		 -40.6240080030356
		 9871 		 -40.6240080030356
		 66338 		 -61.47003128925826
		 54771 		 -61.47003128925826
		 57753 		 -61.47003128925826

Topic R112: 
		 DocID 		 Weight 
		 13364 		 -16.666446929524053
		 58748 		 -51.248403669872516
		 15927 		 -70.54956613531482
		 12858 		 -111.00131481159096
		 78115 		 -163.67893782600515
		 17276 		 -187.3912162517535
		 83201 		 -244.28973186239716
		 22961 		 -267.9744521909766
		 22021 		 -284.9779341077782
		 73326 		 -284.9779341077782

Topic R113: 
		 DocID 		 Weight 
		 12293 		 0
		 7722 		 -28.113028365085754
		 24251 		 -57.945247622609735
		 35765 		 -71.3968629468346
		 81997 		 -85.41451104324577
		 86961 		 -101.49540157364876
		 38335 		 -113.55771871939366
		 65408 		 -126.2397637840204
		 31267 		 -142.26081045689344
		 18151 		 -155.6955884315447

Topic R114: 
		 DocID 		 Weight 
		 38452 		 -49.86768012771547
		 34534 		 -49.86768012771547
		 84591 		 -49.86768012771547
		 21110 		 -81.79572264129257
		 5723 		 -81.79572264129257
		 38330 		 -115.61221864863268
		 55340 		 -132.089191161227
		 25303 		 -186.11530065154693
		 34622 		 -186.11530065154693
		 16921 		 -203.3212649004355

Topic R115: 
		 DocID 		 Weight 
		 52066 		 -31.025233058078513
		 53345 		 -67.40452989203017
		 3627 		 -67.40452989203017
		 79396 		 -100.77672859181969
		 6985 		 -100.77672859181969
		 14554 		 -100.77672859181969
		 38068 		 -133.08291796372927
		 19930 		 -133.08291796372927
		 61647 		 -163.93822602036548
		 21688 		 -163.93822602036548

Topic R116: 
		 DocID 		 Weight 
		 66894 		 -14.799775886164353
		 26903 		 -14.799775886164353
		 79585 		 -31.550308253308856
		 79369 		 -46.01355866837289
		 24911 		 -46.01355866837289
		 68716 		 -64.65486196576263
		 32034 		 -79.93034952426402
		 82279 		 -94.87552932226207
		 82679 		 -111.84845411074302
		 53140 		 -111.84845411074302

Topic R117: 
		 DocID 		 Weight 
		 48566 		 -30.50190456154366
		 21113 		 -46.610412577295286
		 79525 		 -76.22411720907634
		 54844 		 -104.88016060840904
		 9544 		 -133.7616060133129
		 65692 		 -163.75220082392016
		 74800 		 -181.37834109136426
		 81694 		 -211.53886090341385
		 60811 		 -243.5587492659499
		 62586 		 -279.13020731459943

Topic R118: 
		 DocID 		 Weight 
		 37614 		 -17.422347939942853
		 26651 		 -17.422347939942853
		 64892 		 -54.33406234420906
		 13367 		 -73.27060672501952
		 69421 		 -73.27060672501952
		 49709 		 -73.27060672501952
		 33112 		 -90.71908439678703
		 68843 		 -90.71908439678703
		 28903 		 -124.44611473887971
		 53426 		 -124.44611473887971

Topic R119: 
		 DocID 		 Weight 
		 63279 		 -15.265149133214017
		 65019 		 -45.333196674458534
		 28125 		 -55.85053283126935
		 36308 		 -71.22491103423812
		 51082 		 -96.38389629998488
		 51080 		 -121.54288156573165
		 34033 		 -149.23950034833405
		 71547 		 -159.70134139255316
		 68177 		 -187.0776361863825
		 62314 		 -201.3748465288288

Topic R120: 
		 DocID 		 Weight 
		 48981 		 -41.10600500055818
		 22769 		 -55.31177039674064
		 3156 		 -68.73815803607319
		 69633 		 -98.071324859962
		 43393 		 -124.73818955567774
		 21067 		 -153.6137275710229
		 12555 		 -182.81705967496643
		 45828 		 -196.22472811695238
		 75135 		 -225.00758371890987
		 36959 		 -237.9894079066604

Topic R121: 
		 DocID 		 Weight 
		 17857 		 -26.358508866854386
		 18345 		 -40.10019360431627
		 47899 		 -67.49337760484326
		 14556 		 -109.61367059462104
		 39215 		 -140.81122996818192
		 5108 		 -154.7197136060994
		 38684 		 -182.60107856895752
		 16632 		 -211.78672091988133
		 15288 		 -239.84952942275916
		 71726 		 -270.52734735144185

Topic R122: 
		 DocID 		 Weight 
		 13984 		 -34.09959076623424
		 68853 		 -54.293024459273404
		 77971 		 -87.53839456234881
		 39149 		 -87.53839456234881
		 79418 		 -119.36063350001997
		 44789 		 -119.36063350001997
		 54203 		 -119.36063350001997
		 75018 		 -119.36063350001997
		 54175 		 -156.41385165998528
		 67794 		 -156.41385165998528

Topic R123: 
		 DocID 		 Weight 
		 48360 		 -31.43216054266904
		 12873 		 -64.13245703169534
		 46991 		 -93.9441723858942
		 67235 		 -107.71076108664928
		 47085 		 -139.23749979937236
		 85067 		 -139.23749979937236
		 55119 		 -167.24257151681437
		 26681 		 -216.42627295489174
		 12875 		 -249.1379069440914
		 36083 		 -261.8232995619985

Topic R124: 
		 DocID 		 Weight 
		 79988 		 -17.879706236430437
		 68716 		 -34.340328140519325
		 57243 		 -34.340328140519325
		 21511 		 -68.06165108295875
		 65633 		 -82.67880777158075
		 12109 		 -101.97809066690519
		 69236 		 -139.3406620387572
		 74846 		 -155.73682609236232
		 20350 		 -170.89163956692713
		 7225 		 -204.61185987590915

Topic R125: 
		 DocID 		 Weight 
		 71913 		 -13.084428781160707
		 25833 		 -44.6306897024259
		 48375 		 -44.6306897024259
		 82085 		 -77.41766081695027
		 79949 		 -77.41766081695027
		 36858 		 -77.41766081695027
		 77381 		 -109.31351437946196
		 69142 		 -109.31351437946196
		 68664 		 -109.31351437946196
		 82519 		 -140.758884116188

Topic R126: 
		 DocID 		 Weight 
		 66301 		 -28.08657637024853
		 63280 		 -55.946690432395734
		 4984 		 -83.33816220341924
		 59083 		 -110.07507925025516
		 6940 		 -137.57669311978253
		 60588 		 -163.84986525140386
		 56499 		 -190.59659161876775
		 22250 		 -217.6148294794779
		 19953 		 -230.961395397047
		 78775 		 -260.5331960819102

Topic R127: 
		 DocID 		 Weight 
		 59087 		 -17.380812978402332
		 62401 		 -32.89768750638069
		 70010 		 -49.443131186555824
		 78729 		 -49.443131186555824
		 59095 		 -83.21891520635714
		 62215 		 -98.88634941091088
		 68825 		 -116.95412460353677
		 24839 		 -116.95412460353677
		 24838 		 -116.95412460353677
		 50177 		 -116.95412460353677

Topic R128: 
		 DocID 		 Weight 
		 75591 		 -13.696247995880142
		 66923 		 -43.79818004765049
		 76675 		 -57.9280014942469
		 25172 		 -88.23115844430384
		 27215 		 -116.24309830926717
		 64070 		 -144.76006786031635
		 16343 		 -176.7001685767698
		 56170 		 -207.0875276348567
		 3740 		 -252.25456899326417
		 65394 		 -266.60590557625613

Topic R129: 
		 DocID 		 Weight 
		 83428 		 -29.963152551308056
		 11360 		 -29.963152551308056
		 75590 		 -61.40792042353731
		 72821 		 -79.65359897719713
		 83364 		 -79.65359897719713
		 86751 		 -97.73021927323217
		 3142 		 -111.9077263242504
		 83946 		 -146.43007879368616
		 75593 		 -176.74794956711844
		 35148 		 -205.85094832094052

Topic R130: 
		 DocID 		 Weight 
		 6985 		 0
		 14554 		 0
		 19930 		 0
		 21688 		 -19.345170562024588
		 47530 		 -37.669619833675085
		 22584 		 -56.99732648995818
		 22585 		 -72.38056509281628
		 18235 		 -125.02609000554301
		 15776 		 -174.90323366666127
		 73550 		 -189.78897261004855

Topic R131: 
		 DocID 		 Weight 
		 28440 		 -20.54388076327789
		 31515 		 -56.96265917713113
		 28455 		 -77.5048711200484
		 22961 		 -77.5048711200484
		 41975 		 -114.26081861863666
		 31504 		 -150.12478398580802
		 62835 		 -166.0413914435068
		 58957 		 -200.77844148886433
		 62836 		 -216.73569093106045
		 63056 		 -233.37743854752864

Topic R132: 
		 DocID 		 Weight 
		 82870 		 0
		 48981 		 -34.082652910881706
		 86626 		 -34.082652910881706
		 85099 		 -34.082652910881706
		 4017 		 -51.79051855292549
		 65757 		 -70.26646899951432
		 67140 		 -70.26646899951432
		 61290 		 -70.26646899951432
		 83765 		 -70.26646899951432
		 54214 		 -88.8438647096627

Topic R133: 
		 DocID 		 Weight 
		 82290 		 -13.366681225944799
		 48566 		 -28.662889243941144
		 28126 		 -41.37413476121634
		 5650 		 -53.75417437001616
		 61652 		 -66.92148465483025
		 78878 		 -79.8230613842096
		 49709 		 -92.40418290810045
		 28903 		 -105.5304659246545
		 77779 		 -118.43204265403384
		 54925 		 -151.00840296824276

Topic R134: 
		 DocID 		 Weight 
		 3169 		 -31.224120789163948
		 15065 		 -47.90377926189673
		 73337 		 -62.737471363301935
		 26253 		 -77.43730771797235
		 58438 		 -105.71179105192778
		 84627 		 -135.75531995104333
		 43806 		 -167.8465423340676
		 5870 		 -198.98468266273986
		 49545 		 -198.98468266273986
		 73397 		 -227.74196167765822

Topic R135: 
		 DocID 		 Weight 
		 41556 		 -31.711282945639866
		 57876 		 -88.61651690388959
		 67433 		 -118.26438248224576
		 34733 		 -148.0813823221798
		 2738 		 -205.93500924751044
		 59518 		 -236.4749822636607
		 42847 		 -273.30189717226096
		 78305 		 -301.8813286765592
		 7741 		 -332.2008187600906
		 86691 		 -362.0666655479031

Topic R136: 
		 DocID 		 Weight 
		 19488 		 -35.8501519611157
		 43962 		 -91.22956449739229
		 72605 		 -108.68936867615116
		 70629 		 -108.68936867615116
		 5650 		 -108.68936867615116
		 83238 		 -125.20488228749632
		 25548 		 -141.6456281304395
		 26322 		 -160.86046004903298
		 59914 		 -178.03663588723114
		 55914 		 -195.07929736417668

Topic R137: 
		 DocID 		 Weight 
		 77179 		 -16.236787421790243
		 33539 		 -33.305452084772156
		 66879 		 -81.60655901989227
		 62388 		 -98.44741776535137
		 61252 		 -130.7692757361089
		 53354 		 -145.53213196956673
		 22546 		 -163.94204682483763
		 23165 		 -163.94204682483763
		 74200 		 -197.58554666986043
		 49235 		 -232.74877850743582

Topic R138: 
		 DocID 		 Weight 
		 54749 		 -44.920912896940706
		 67787 		 -93.22784995523088
		 67793 		 -141.89597720535832
		 21088 		 -185.87282948276945
		 21089 		 -229.89348297558487
		 49889 		 -273.934006147332
		 65378 		 -316.3286399118757
		 4955 		 -359.0347375546111
		 38479 		 -401.35028884602065
		 20785 		 -445.23962513274944

Topic R139: 
		 DocID 		 Weight 
		 48566 		 -30.541743271421474
		 41231 		 -44.14779909872184
		 50076 		 -57.07186797090618
		 79033 		 -90.45291949702609
		 21113 		 -106.58134686771662
		 79525 		 -136.23489020937546
		 24839 		 -136.23489020937546
		 54844 		 -164.93077231858598
		 9544 		 -193.85205643336764
		 65692 		 -223.8824899538527

Topic R140: 
		 DocID 		 Weight 
		 35214 		 -14.004976337390023
		 55052 		 -29.46194131023178
		 18393 		 -62.53710817633186
		 46402 		 -79.55225631877917
		 17115 		 -79.55225631877917
		 18151 		 -112.62742318487926
		 46978 		 -129.48190789574184
		 55086 		 -144.60445382951303
		 38134 		 -160.06141880235478
		 58983 		 -176.32715937195377

Topic R141: 
		 DocID 		 Weight 
		 83429 		 -33.609392032673895
		 33060 		 -46.87494965510388
		 62213 		 -81.39233474457487
		 17505 		 -110.71255320693622
		 62212 		 -143.21466931240596
		 49518 		 -143.21466931240596
		 55848 		 -192.02900840013794
		 19505 		 -209.46769345604858
		 80643 		 -243.86472751546077
		 25765 		 -258.75321548881095

Topic R142: 
		 DocID 		 Weight 
		 6158 		 -17.834785815099515
		 15462 		 -17.834785815099515
		 19908 		 -17.834785815099515
		 50474 		 -37.15025880887637
		 38696 		 -55.38714306754723
		 54716 		 -72.40163490488163
		 39840 		 -72.40163490488163
		 9382 		 -90.26556706564065
		 62306 		 -108.34982918127923
		 54675 		 -125.93622736650936

Topic R143: 
		 DocID 		 Weight 
		 13600 		 -36.552833332698995
		 2510 		 -70.8572856615768
		 21077 		 -88.85339222888291
		 81564 		 -88.85339222888291
		 2511 		 -123.15784455776071
		 41351 		 -140.11000777747924
		 20778 		 -175.10870446045027
		 21673 		 -210.34963457816704
		 77431 		 -244.00274591389848
		 12097 		 -262.77495646927775

Topic R144: 
		 DocID 		 Weight 
		 24481 		 -16.248517759732074
		 19700 		 -16.248517759732074
		 36318 		 -46.68266718389446
		 71904 		 -79.84488563082806
		 26257 		 -111.12845880038196
		 24483 		 -127.5029061419492
		 17505 		 -145.3291909009982
		 24492 		 -161.79907534790274
		 14752 		 -198.7367913137833
		 19705 		 -233.3372232085462

Topic R145: 
		 DocID 		 Weight 
		 21077 		 -28.878522213589697
		 21738 		 -28.878522213589697
		 35017 		 -57.62101590595791
		 29984 		 -88.40642871515612
		 86381 		 -118.379221552828
		 17317 		 -146.9577395100851
		 82244 		 -160.59890714768824
		 16169 		 -192.04521815800564
		 11606 		 -223.02402424915007
		 67785 		 -250.61036571124646

Topic R146: 
		 DocID 		 Weight 
		 24287 		 -19.268769209499588
		 8162 		 -19.268769209499588
		 14541 		 -19.268769209499588
		 9490 		 -19.268769209499588
		 32380 		 -19.268769209499588
		 11944 		 -19.268769209499588
		 58000 		 -36.818720171543234
		 49904 		 -55.82262762215802
		 70836 		 -74.91689910042548
		 32351 		 -74.91689910042548

Topic R147: 
		 DocID 		 Weight 
		 82440 		 -22.419833672270293
		 13217 		 -51.89702114217536
		 76089 		 -80.92917637250375
		 77181 		 -105.36780708860755
		 55718 		 -133.96260104426668
		 27402 		 -160.78976036464954
		 75754 		 -189.84087770099967
		 86421 		 -202.25979812571384
		 77124 		 -227.67457139336685
		 6661 		 -239.90056913862904

Topic R148: 
		 DocID 		 Weight 
		 52489 		 -14.813556989575266
		 66880 		 -32.74590013160105
		 66895 		 -50.659531013364656
		 58199 		 -50.659531013364656
		 52661 		 -66.22078000369919
		 85663 		 -82.48394764110073
		 24044 		 -96.98128486761506
		 75183 		 -96.98128486761506
		 46161 		 -96.98128486761506
		 9133 		 -111.37980435791148

Topic R149: 
		 DocID 		 Weight 
		 30390 		 -15.371694652064829
		 80308 		 -15.371694652064829
		 14196 		 -46.995919971882124
		 41792 		 -64.08033267186647
		 72985 		 -80.3237614741262
		 56129 		 -98.3989752372641
		 25529 		 -129.24000654863448
		 18090 		 -145.7455569474341
		 17360 		 -180.03616213175815
		 33589 		 -180.03616213175815

Topic R150: 
		 DocID 		 Weight 
		 19885 		 -18.345952199259152
		 79552 		 -18.345952199259152
		 75433 		 -39.27323290477172
		 80280 		 -39.27323290477172
		 80282 		 -39.27323290477172
		 75431 		 -60.23822153884655
		 80283 		 -60.23822153884655
		 75435 		 -81.02818063789596
		 80290 		 -81.02818063789596
		 80285 		 -81.02818063789596

