Topic R101: 
		 DocID 		 Weight 
		 46974 		 4.56207326620576
		 46547 		 4.56207326620576
		 62325 		 3.3958247380273923
		 6146 		 2.3392219610046348
		 22170 		 2.041445289687507
		 61329 		 1.5416302766998393
		 61780 		 1.2315598740319218
		 22513 		 1.0491409255022721
		 82330 		 0.7893696536625192
		 39496 		 0.6398865317964866

Topic R102: 
		 DocID 		 Weight 
		 73038 		 6.173661070702295
		 26061 		 5.772614063060468
		 58476 		 5.741096870023133
		 57914 		 5.645741299879249
		 78836 		 5.040621987370901
		 76635 		 4.922728178740445
		 12769 		 4.751016187709181
		 12767 		 4.621391475339205
		 65414 		 4.395475753910846
		 25096 		 4.284907010660302

Topic R103: 
		 DocID 		 Weight 
		 14314 		 5.324747711507787
		 54533 		 3.8957799746456403
		 81463 		 3.5728136355383784
		 27426 		 3.538748498138131
		 27106 		 3.4698715592275247
		 59459 		 2.9887541406609524
		 83370 		 2.6705041301597374
		 20159 		 2.020441903448653
		 80988 		 1.4120003256486628
		 9272 		 1.396061481690926

Topic R104: 
		 DocID 		 Weight 
		 46832 		 0.0
		 22961 		 0.0
		 16390 		 0.0
		 37688 		 0.0
		 56040 		 0.0
		 6735 		 0.0
		 17609 		 0.0
		 31141 		 0.0
		 39939 		 0.0
		 6635 		 0.0

Topic R105: 
		 DocID 		 Weight 
		 62213 		 0.0
		 52175 		 0.0
		 25263 		 -1.5030672191895242
		 17650 		 -1.5709574714509118
		 6635 		 -3.4993557107905744
		 7937 		 -3.5450735446382593
		 22961 		 -3.5854147291228626
		 27966 		 -3.657935271609433
		 31141 		 -3.7280120709920492
		 38229 		 -4.691837559535006

Topic R106: 
		 DocID 		 Weight 
		 73731 		 5.555046629774001
		 49023 		 5.5166507201459645
		 51441 		 5.078692402856773
		 7914 		 4.787099906205078
		 16841 		 0.9931501457196314
		 25029 		 0.0
		 16723 		 -1.549635848786188
		 55891 		 -1.8139839248769114
		 35782 		 -1.9752774069617582
		 68829 		 -2.208503346926453

Topic R107: 
		 DocID 		 Weight 
		 51576 		 7.72950552706191
		 77936 		 5.476984233167881
		 67107 		 3.87304819849851
		 67411 		 3.87304819849851
		 86459 		 2.718097300717611
		 71157 		 2.2831529665849892
		 79950 		 1.7500331320378173
		 59244 		 1.1496185332337472
		 7535 		 0.0
		 45642 		 0.0

Topic R108: 
		 DocID 		 Weight 
		 83932 		 1.7355361905903628
		 50314 		 0.0
		 85265 		 0.0
		 52263 		 0.0
		 22169 		 0.0
		 52301 		 0.0
		 44714 		 0.0
		 63616 		 0.0
		 76353 		 0.0
		 84272 		 0.0

Topic R109: 
		 DocID 		 Weight 
		 51139 		 -0.5466869433409457
		 75624 		 -0.8266112988201718
		 78626 		 -1.1141439739167422
		 15776 		 -1.1295794066020335
		 73598 		 -1.1503494703587545
		 4933 		 -1.203822548068412
		 49766 		 -1.2196546943244846
		 16575 		 -1.3463973682510173
		 34684 		 -1.3801720909883208
		 17498 		 -1.4112402807605526

Topic R110: 
		 DocID 		 Weight 
		 28185 		 5.274688595791462
		 18552 		 5.141948088082802
		 23408 		 5.141948088082802
		 6163 		 4.787315360788798
		 82926 		 3.9910700022789856
		 60334 		 3.101483182551656
		 41791 		 2.6858022067011653
		 38920 		 2.2549784790711525
		 25590 		 1.9610179743425054
		 85147 		 1.5728396480248752

Topic R111: 
		 DocID 		 Weight 
		 18100 		 3.8648397337639873
		 18164 		 3.8648397337639873
		 18163 		 3.8648397337639873
		 19440 		 3.32942714443949
		 18859 		 2.7973590226995446
		 28923 		 2.597812738950161
		 18706 		 2.5803247751144904
		 75763 		 2.575989511572972
		 13057 		 2.354465182121489
		 22382 		 2.2640685534465756

Topic R112: 
		 DocID 		 Weight 
		 58748 		 3.8620038316155907
		 53046 		 3.6714483422281057
		 81350 		 3.415828376052761
		 5166 		 2.5152845555040377
		 12858 		 2.422868381710767
		 78115 		 2.388504040326117
		 59464 		 2.2772231707186146
		 70466 		 2.2431086327000886
		 83201 		 2.1216737528861254
		 85553 		 1.9586104549427499

Topic R113: 
		 DocID 		 Weight 
		 5316 		 3.100247281599022
		 86541 		 2.503813798545619
		 36588 		 2.45315781366274
		 17217 		 0.3161786434487315
		 17030 		 0.3161786434487315
		 12293 		 0.0
		 36580 		 0.0
		 69316 		 0.0
		 23253 		 0.0
		 25500 		 -0.7809324376351903

Topic R114: 
		 DocID 		 Weight 
		 24474 		 1.304286558283339
		 37685 		 1.1019217290201175
		 18879 		 1.0445852139377239
		 38452 		 0.9070914928809866
		 60810 		 0.7960568852586983
		 18405 		 0.7563385213253995
		 26700 		 0.48218653218122143
		 25303 		 0.4672775980009871
		 28014 		 0.4658183938740657
		 34534 		 0.0

Topic R115: 
		 DocID 		 Weight 
		 50020 		 7.71914339299511
		 76605 		 2.325529628169195
		 61647 		 2.2817672272230265
		 58137 		 2.158583412545122
		 48443 		 1.9175855932899193
		 79396 		 1.5009379331183614
		 52066 		 1.4919957809496163
		 53345 		 1.2737901902690094
		 5671 		 1.1698128678569977
		 43604 		 1.0928752591788893

Topic R116: 
		 DocID 		 Weight 
		 20188 		 1.991220483445152
		 77250 		 1.7310683470901953
		 79559 		 1.68662658528221
		 85143 		 1.6218685124070282
		 73431 		 1.5033034350624372
		 76422 		 1.4597055982577858
		 79585 		 1.448974041310963
		 79864 		 1.3028983837768535
		 22679 		 1.2718048359100598
		 60110 		 1.0286276521526494

Topic R117: 
		 DocID 		 Weight 
		 74800 		 -3.452804310758544
		 62586 		 -4.735324389563295
		 21113 		 -5.49382847516603
		 60811 		 -8.209611305818973
		 37425 		 -8.43635134550118
		 48566 		 -9.369682374231846
		 81694 		 -9.648754466910784
		 65692 		 -9.690896425152788
		 79525 		 -10.970417551938818
		 54844 		 -11.66172278304829

Topic R118: 
		 DocID 		 Weight 
		 61677 		 3.7461984496081535
		 64892 		 3.2201143113059234
		 80908 		 1.9273920304654277
		 84529 		 1.8008151299934012
		 43173 		 1.7469442246886504
		 20763 		 1.6729303184342685
		 47129 		 1.6362117889098413
		 50269 		 1.5790476995074298
		 28826 		 1.522886995127273
		 2906 		 1.5128279586272426

Topic R119: 
		 DocID 		 Weight 
		 36308 		 -5.680738706950689
		 63279 		 -5.857545560077686
		 35105 		 -5.910101422874758
		 34033 		 -6.259431133415905
		 41275 		 -6.346984709238241
		 65019 		 -7.331613158599863
		 63307 		 -7.64189722113267
		 62314 		 -7.949308538827012
		 63311 		 -8.50556493321008
		 82059 		 -9.14168517523714

Topic R120: 
		 DocID 		 Weight 
		 64800 		 3.0692177938284275
		 39184 		 -0.12521718714210328
		 24062 		 -3.520997579366338
		 62781 		 -3.9981440055298116
		 48981 		 -4.721675668645226
		 20830 		 -5.435488202547814
		 71759 		 -5.692884784339656
		 75135 		 -5.983645560422229
		 43393 		 -6.253860953720375
		 25918 		 -6.2709553566097815

Topic R121: 
		 DocID 		 Weight 
		 3885 		 1.777455941963977
		 7289 		 1.4502522552049777
		 37711 		 0.5551454550889361
		 73326 		 0.0
		 68028 		 0.0
		 31141 		 0.0
		 58913 		 -1.6121356826677535
		 16992 		 -1.621346487777342
		 49980 		 -2.178615709900299
		 3868 		 -2.2983615187909328

Topic R122: 
		 DocID 		 Weight 
		 38244 		 7.962402163368302
		 74775 		 7.6938506842687335
		 84331 		 6.512560671729156
		 77971 		 6.382577346830016
		 13984 		 6.27004406807773
		 77921 		 4.707510715006857
		 73186 		 4.315973315188602
		 76564 		 4.315973315188602
		 72052 		 4.315973315188602
		 79418 		 4.2661044196847975

Topic R123: 
		 DocID 		 Weight 
		 85067 		 0.0
		 55119 		 -0.4951663922514875
		 26681 		 -0.7739012421409357
		 70379 		 -1.0507553272552368
		 78018 		 -1.3155385010380076
		 10515 		 -1.5666371464834
		 38305 		 -2.0448131613255143
		 23436 		 -2.109831380656814
		 13485 		 -2.225965847377651
		 76835 		 -2.3286478523377676

Topic R124: 
		 DocID 		 Weight 
		 25328 		 0.1737269595976154
		 30653 		 0.1378126084840261
		 78418 		 0.10119381886359159
		 57243 		 0.0
		 11302 		 0.0
		 19285 		 -1.8577190218015962
		 12109 		 -1.9580654359268543
		 21511 		 -2.788612811635569
		 4528 		 -2.818498842094924
		 69236 		 -2.861026482647025

Topic R125: 
		 DocID 		 Weight 
		 77907 		 1.706726222329186
		 77381 		 1.6651457250420973
		 82519 		 1.619562560699688
		 82085 		 1.4570211920449587
		 76899 		 1.455094735949881
		 80922 		 1.3856610768964666
		 82106 		 1.3117444095857846
		 25833 		 1.2129096520331673
		 27974 		 1.1291901569039604
		 9011 		 0.9717690468337629

Topic R126: 
		 DocID 		 Weight 
		 19953 		 -9.45063413147571
		 74632 		 -9.890550217148743
		 78775 		 -12.230830248656048
		 40554 		 -13.411882883294885
		 22250 		 -13.579366914696864
		 78928 		 -13.710826641230602
		 6940 		 -13.997945543533522
		 69725 		 -14.019157029955341
		 86111 		 -14.152118841566578
		 45374 		 -14.294297672494864

Topic R127: 
		 DocID 		 Weight 
		 67104 		 3.994642069032735
		 10706 		 3.3871977082841047
		 70010 		 2.590088053529934
		 40234 		 2.547662483672372
		 75738 		 2.4762170591782717
		 56741 		 2.3594755748276977
		 40292 		 2.22905040696888
		 59095 		 2.1624712502858463
		 60141 		 2.1624712502858463
		 26026 		 1.788892150705369

Topic R128: 
		 DocID 		 Weight 
		 64033 		 2.823805821715631
		 64070 		 2.574451677622041
		 70233 		 2.5642624350918535
		 66961 		 2.543855211023839
		 75201 		 2.4486422997548685
		 61170 		 2.361992092114354
		 27215 		 2.339448284904033
		 24214 		 2.303092280737987
		 66923 		 2.121360922624082
		 73326 		 0.0

Topic R129: 
		 DocID 		 Weight 
		 9660 		 2.5176054649278554
		 86751 		 1.9356757631786259
		 72821 		 1.822983286576066
		 43886 		 1.6579171274993105
		 16900 		 0.07657923630936248
		 11360 		 0.0
		 83364 		 0.0
		 71186 		 0.0
		 47225 		 0.0
		 67535 		 0.0

Topic R130: 
		 DocID 		 Weight 
		 60528 		 2.044093997651586
		 69863 		 1.9896612608798068
		 18235 		 1.8607650315949211
		 70556 		 1.8054203107148925
		 15776 		 1.695323340242789
		 60483 		 1.345662676967915
		 75483 		 1.1815184520487771
		 47530 		 0.592837392544228
		 46458 		 0.5289000751033706
		 22584 		 0.4003417019637261

Topic R131: 
		 DocID 		 Weight 
		 41857 		 0.4545068935103656
		 40119 		 0.4545068935103656
		 22961 		 0.0
		 14855 		 0.0
		 31141 		 0.0
		 6635 		 0.0
		 7937 		 0.0
		 27966 		 0.0
		 28440 		 -1.6048264788065663
		 28455 		 -1.6054828331975217

Topic R132: 
		 DocID 		 Weight 
		 9843 		 11.650555556272256
		 7486 		 11.369726980981975
		 85553 		 5.690653135363997
		 48981 		 5.5833581936385706
		 67115 		 4.9671455305120915
		 68370 		 3.547948392081172
		 79565 		 3.4848980562584115
		 39184 		 3.29795011144591
		 66981 		 3.2427752064617774
		 68780 		 3.1473885610083463

Topic R133: 
		 DocID 		 Weight 
		 71102 		 0.10766790554135064
		 81694 		 0.09312210435688299
		 79525 		 0.09020216741410352
		 48566 		 0.07643868861760303
		 37672 		 0.06860449400785897
		 32575 		 0.06382163842867221
		 60471 		 0.06018950855798476
		 62586 		 0.034863213994933334
		 85806 		 0.0
		 85281 		 0.0

Topic R134: 
		 DocID 		 Weight 
		 59659 		 2.590938149983809
		 26253 		 1.955078775025976
		 74778 		 1.6409657294577915
		 73372 		 1.6141066709886112
		 56579 		 1.2141593090916019
		 12890 		 0.8998052309911493
		 14567 		 0.33231470448628797
		 49545 		 0.0
		 43806 		 -1.0666134819028097
		 84627 		 -1.0954284232740472

Topic R135: 
		 DocID 		 Weight 
		 57876 		 -15.996936163635958
		 42848 		 -16.258104539987304
		 71894 		 -16.51458301757392
		 42847 		 -16.70642953022741
		 2738 		 -16.88164594671462
		 66181 		 -20.876932747407693
		 86691 		 -22.23467513265784
		 31784 		 -22.415863663639563
		 7741 		 -22.469153093225792
		 78305 		 -22.510396182320342

Topic R136: 
		 DocID 		 Weight 
		 79605 		 4.316449805800637
		 41487 		 3.92644389694151
		 19488 		 3.2324246078164145
		 8768 		 3.0056133494022346
		 42907 		 2.8178416331083116
		 35104 		 2.5846189533753687
		 43962 		 2.4557572650172714
		 83238 		 2.345077011082843
		 3641 		 1.8175658926088145
		 3610 		 1.7231567823803131

Topic R137: 
		 DocID 		 Weight 
		 66879 		 4.265860274803396
		 61252 		 3.3932277251786633
		 85322 		 3.2493068223474095
		 39136 		 3.0193733923271147
		 27297 		 3.0121157514498487
		 53354 		 2.5515483000358317
		 65604 		 2.381504905479081
		 77179 		 2.265649412586771
		 30868 		 2.086641352003647
		 33539 		 1.9934271335267788

Topic R138: 
		 DocID 		 Weight 
		 82540 		 -22.048711252955762
		 57866 		 -25.76781700376586
		 67793 		 -26.85319533567803
		 30182 		 -27.22388974246413
		 67787 		 -27.649477628776843
		 20892 		 -27.916988662441184
		 66012 		 -28.34438642627942
		 60709 		 -28.34438642627942
		 64742 		 -30.053971067808003
		 67968 		 -30.347040232520907

Topic R139: 
		 DocID 		 Weight 
		 50076 		 2.449938217885743
		 41231 		 2.3949696328300183
		 62586 		 0.656648600523589
		 58507 		 0.37973360377906573
		 24839 		 0.0
		 24747 		 0.0
		 5166 		 0.0
		 42485 		 0.0
		 73930 		 0.0
		 67204 		 -0.6925576486812169

Topic R140: 
		 DocID 		 Weight 
		 45396 		 4.058873775214316
		 22321 		 3.953174085426589
		 43139 		 3.453553002994169
		 11825 		 3.308394855102702
		 25063 		 0.8673424086507318
		 58343 		 0.48874177847052946
		 6857 		 0.471752158823572
		 17115 		 0.0
		 77680 		 0.0
		 28761 		 0.0

Topic R141: 
		 DocID 		 Weight 
		 19505 		 1.5389563251438139
		 62213 		 0.25703186260925115
		 49518 		 0.0
		 82966 		 0.0
		 47192 		 0.0
		 25144 		 0.0
		 61475 		 0.0
		 61663 		 0.0
		 28710 		 0.0
		 35053 		 -0.4470702512947078

Topic R142: 
		 DocID 		 Weight 
		 83869 		 2.2198780562840756
		 26011 		 2.1873402626877847
		 54126 		 2.1011088377762017
		 68798 		 2.0661992571830607
		 53188 		 2.0105250152521843
		 54675 		 1.8149120295882362
		 6158 		 0.0
		 15462 		 0.0
		 19908 		 0.0
		 50474 		 0.0

Topic R143: 
		 DocID 		 Weight 
		 11852 		 0.1366624011141666
		 23698 		 0.030160227397989736
		 81564 		 0.0
		 8310 		 0.0
		 7799 		 0.0
		 33769 		 0.0
		 7798 		 0.0
		 11744 		 -0.2807518582939257
		 76550 		 -0.584558989206434
		 72032 		 -0.584558989206434

Topic R144: 
		 DocID 		 Weight 
		 43899 		 2.2706395733429803
		 13135 		 1.962493265148335
		 47896 		 1.9136713461548798
		 7359 		 1.899558680831868
		 74200 		 1.680528211130535
		 71648 		 1.4890998615523197
		 27525 		 1.329090116064834
		 67280 		 1.1028141410869428
		 49230 		 1.049037503858645
		 44236 		 0.9531599001229532

Topic R145: 
		 DocID 		 Weight 
		 21738 		 0.0
		 36575 		 0.0
		 27378 		 0.0
		 17654 		 -2.4932214457022965
		 14501 		 -2.504068241224144
		 76651 		 -2.6836510790432007
		 69370 		 -3.0864966480159763
		 8796 		 -3.5966464208715276
		 29916 		 -3.6240177296759892
		 18536 		 -3.6328437577631076

Topic R146: 
		 DocID 		 Weight 
		 12035 		 4.250659554353288
		 23687 		 4.214614195215221
		 72072 		 3.958195879758189
		 49904 		 3.910164888097822
		 58000 		 2.630856856895459
		 38821 		 2.4085822230808476
		 24287 		 2.14218431591778
		 70836 		 2.010987582706911
		 12196 		 1.949596569966099
		 54065 		 1.8389937586264782

Topic R147: 
		 DocID 		 Weight 
		 59813 		 2.1441345693700917
		 15582 		 2.0592690038862824
		 15581 		 2.0592690038862824
		 23293 		 1.9164267701138944
		 49752 		 1.7740236709963109
		 81420 		 1.1603531859667908
		 63415 		 0.0
		 46876 		 0.0
		 75754 		 -1.5955495206049815
		 76089 		 -1.601167873368608

Topic R148: 
		 DocID 		 Weight 
		 58199 		 0.0
		 75183 		 0.0
		 46161 		 0.0
		 85759 		 0.0
		 61161 		 0.0
		 25903 		 0.0
		 41074 		 0.0
		 46152 		 0.0
		 43605 		 0.0
		 60154 		 0.0

Topic R149: 
		 DocID 		 Weight 
		 14196 		 3.425054848499146
		 41538 		 3.3661966750170134
		 39661 		 3.262927438257551
		 39926 		 2.9366080288037932
		 62392 		 2.473061093303979
		 3936 		 2.4366499503192407
		 32400 		 1.9398643233304258
		 72985 		 0.9764024812290443
		 25529 		 0.8881765081134854
		 17390 		 0.625923147642932

Topic R150: 
		 DocID 		 Weight 
		 39907 		 0.11007702747891683
		 26648 		 0.10134701161065832
		 53361 		 0.09158910743524132
		 19411 		 0.09046007395590001
		 64482 		 0.09035988363358259
		 85997 		 0.08898016641379734
		 3148 		 0.08768627766908131
		 23361 		 0.08716002223986545
		 19409 		 0.08664545848015613
		 19885 		 0.08334187746848896

