17217 1626.8634762774202
17030 1626.8634762774202
13685 1235.4716885584005
79404 1090.5580425507997
25500 789.7643114856461
13690 763.6597572612101
24251 656.6044168641819
37815 535.3753366957299
12556 374.7967801252755
12557 374.7967801252755
40234 343.33731425948315
86209 333.5365863014807
25467 166.1326235044625
37816 126.27149850493505
36588 119.5831283487754
43868 105.44330963154492
43262 105.44330963154492
69316 91.87111065748837
76103 89.95591467356172
43200 89.95591467356172
75767 89.95591467356172
86289 63.02892307692307
7722 62.75213675213675
13607 48.07692307692307
82337 48.07692307692307
56691 48.07692307692307
85209 48.07692307692307
4053 48.07692307692307
2323 48.07692307692307
2451 48.07692307692307
80504 48.07692307692307
85642 48.07692307692307
23253 43.25879262258209
86541 41.878991596638656
81997 37.0
86259 37.0
30405 29.627213675213675
67741 15.487394957983195
86276 15.487394957983195
43612 15.487394957983195
67983 15.487394957983195
12293 14.952
33766 14.952
33767 14.952
35652 14.952
18364 14.952
47661 14.952
47712 14.952
18151 13.63157894736842
36580 13.63157894736842
43994 13.63157894736842
