27525 1473.6095004094996
30016 1111.9529347529347
69511 1022.4882882882879
27535 859.5993993993994
35258 588.096369096369
36318 402.00546000546
26257 338.0
24481 103.33333333333333
24483 103.33333333333333
24492 103.33333333333333
26110 103.33333333333333
19626 95.62162162162161
36435 55.33333333333333
44236 47.62162162162162
71904 18.62162162162162
14752 18.62162162162162
19705 18.62162162162162
67280 18.62162162162162
5418 18.62162162162162
5410 18.62162162162162
24598 18.62162162162162
71648 18.62162162162162
19669 18.62162162162162
13385 18.62162162162162
27814 18.62162162162162
12855 18.62162162162162
12658 18.62162162162162
12856 18.62162162162162
13382 18.62162162162162
81347 18.62162162162162
