70303 1156.1020436674526
68716 1139.4724213357613
24911 1121.106476978078
81084 1015.0235873734619
26903 996.0380083886466
74010 994.2520610397195
68718 924.297285695562
49463 916.4332058609215
60110 913.5757903864081
22679 844.6737312238424
49575 745.9896997777059
78749 556.6918529566269
53140 496.7526013794081
67922 399.1081713355776
13248 372.7880619615647
83291 301.3967327691466
43329 193.63287830540096
83284 160.83255441876133
3541 128.25453244073933
82679 104.3398778998779
72816 91.16881815502505
66894 69.70557029177719
32034 69.18786577407268
79369 57.0132625994695
71555 57.0132625994695
79864 57.0132625994695
82598 57.0132625994695
78863 57.0132625994695
20188 57.0132625994695
79559 46.07614163614164
73431 39.128205128205124
52741 37.55172413793103
85143 37.55172413793103
79585 31.636141636141637
82279 19.461538461538463
82609 19.461538461538463
86514 19.461538461538463
75243 14.44
77250 12.174603174603174
