12476 1968.9249907299438
29887 1949.095219331751
29668 1875.3183980106576
29889 1810.577687740535
8506 1737.5646723417617
29909 1711.5774252579201
19877 1691.3561034768463
19416 1659.6925265309164
11944 1516.7643093748356
14541 1292.796830070514
32351 1226.4344789713211
83863 1098.5555727382357
17369 519.3487923840866
12035 471.3402320417801
15478 392.1322311675252
9717 380.75873799403206
32380 330.7499467852409
19557 269.5531213884155
8162 189.91675775205186
9490 167.98240321769734
3628 159.2627450980392
24287 34.53015873015873
49904 33.7936507936508
70836 17.30769230769231
54065 10.818181818181818
23687 10.688888888888888
