15404 1161.8861894861893
43962 744.9015741015736
46422 660.6554202554197
58438 465.8568188568189
72605 402.0106650106649
35104 311.0708048708048
61191 150.977697977698
76779 80.48618948618947
76750 80.48618948618947
58126 44.36231336231336
84892 43.83783783783784
26322 32.40926640926641
73988 32.40926640926641
55797 32.40926640926641
48692 32.40926640926641
43806 28.453222453222452
78418 23.18681318681319
70629 19.23076923076923
25548 18.83783783783784
55914 18.83783783783784
11114 18.83783783783784
19365 18.83783783783784
12740 18.83783783783784
60305 18.83783783783784
54695 18.83783783783784
34428 18.83783783783784
82677 18.83783783783784
60227 18.83783783783784
41487 13.571428571428573
3641 13.571428571428573
79605 13.571428571428573
37153 13.571428571428573
19488 9.615384615384615
8768 9.615384615384615
