27870 1140.5810901383172
29908 1131.3588310411192
28662 1131.3588310411192
27384 1123.9336077918254
33172 1105.0679204607363
19599 1081.1824196502637
23377 1080.4309027154152
35396 1076.2501209009033
6497 1053.6138869153606
20688 1050.7452958943393
19615 1043.822893350738
38442 1035.0750568174992
20133 1027.8685848965151
20127 1021.2995059754232
21895 1014.4377740486699
22690 1008.149797737284
24490 1007.480031388633
25100 1007.480031388633
20766 1006.2745353479556
19601 1001.3357094863578
19634 994.4024566873713
25699 994.335330642257
3827 979.091179062575
3833 972.2899851552878
29894 968.8552107670222
29913 961.2517310744695
7118 959.7212388112225
26611 958.920891903196
6503 943.9936442137381
15200 937.2017602266801
13320 937.2017602266801
15082 934.2394001973418
14707 928.5673386235185
11930 916.4573066065503
11923 916.0245342448417
30486 913.9212766085133
29904 897.1865551773802
25103 895.6580371629097
13313 887.3189598075701
16897 886.6587598570538
39349 881.6897956449428
4306 874.8382235584803
73614 868.336789270563
73598 860.5999471652999
29911 858.7269996795551
16899 856.3461576017905
11481 836.3501281026488
20201 833.2125701086576
9703 794.5015226159993
67280 784.0939903157079
16922 774.2616221750662
76766 762.7009327625696
47551 757.269160478143
44163 756.0584870823392
3837 747.7001022623481
3828 738.8129166778051
54762 737.3588710493551
4881 724.0281725834114
17517 723.7684778762808
64626 700.1978504381393
11485 694.8009999351208
17587 693.8582639106905
29906 686.6825076583987
8333 674.1682248656176
15077 649.4462089508984
49815 648.5296798281998
3834 640.5187745649852
12479 639.2257716779746
33203 634.0173792350258
65364 631.644880926985
25096 620.1807104865425
12812 618.4285446242932
79021 615.0092362233061
13335 610.8649336706184
8327 609.2584435616652
24485 578.9990900624282
33668 539.0747065033402
4358 525.2967282351644
9790 503.01342898107595
7502 480.93862812578413
6636 461.60239221987956
29935 457.0832205252059
3976 452.49279939766785
8455 445.3897565944542
13332 433.2905597207021
25205 426.7181750077243
4395 410.2717418615884
56829 406.23315878346136
44758 398.3237610029753
13314 394.20901441632344
3835 390.7501985976228
11960 384.84196842661004
53502 383.3190718772131
44865 364.9486374635136
71001 362.546122637767
36447 355.1530809409132
20160 353.6487639655712
13345 353.08414669946706
11979 345.6821625543588
4439 341.2832861461486
4310 341.2832861461486
58755 339.29507167708886
14713 337.91464860966715
12825 337.7270850084648
6534 335.0393592452077
73706 319.68476821520267
70668 304.14443737599123
73746 293.0849493014451
5862 277.57713550624925
13342 267.0910830593009
30456 259.90842819955856
29920 259.62328565289926
49856 253.98993663295255
56149 252.41613557163117
6498 240.2127506758431
7115 240.2127506758431
73762 237.9107715184836
19033 234.6382047397417
81731 232.880669989387
53721 222.33260283234873
17619 221.92761207111997
16954 218.80269149643425
54745 212.7244393663808
75949 212.61636247994048
76690 212.61636247994048
17609 211.03696177443183
77310 207.8530055158278
44237 205.17627096382543
41594 202.3848084148574
20199 201.46109394055304
28657 200.7844496171237
6735 181.26996159289254
16390 174.04895227374124
53682 172.88901158640513
49884 172.88901158640513
64657 171.58141635212107
20156 168.80476591420506
19781 168.80476591420506
53469 166.35815083492434
53515 166.35815083492434
53560 166.35815083492434
3265 165.46301915601666
46736 158.4805886075457
51210 158.4805886075457
22751 153.28985808478342
65306 150.12283294715047
68419 150.12283294715047
11083 148.86968314638196
65394 142.93288881307225
53523 135.5837469161625
26598 124.77512930109806
71368 123.18629512045896
20705 121.98431344301366
9726 120.48693898478643
66107 112.31188546859065
24515 111.94920017691402
27386 96.01684506590526
64645 94.18812340905393
3972 93.8622866267228
24498 88.42350905627056
4762 85.82449778514419
6793 84.75693637946169
73320 83.72930260543973
43392 83.50871820673544
65036 80.51002817095869
65446 80.51002817095869
26582 79.10336418059337
61689 76.89407773072848
64664 76.27253045740464
19224 75.61021087970175
73641 71.69866952170929
26080 71.51002817095869
26113 71.51002817095869
27892 67.05452313453094
26603 64.00532723808874
46832 61.005857478304875
85438 59.80717734994454
24494 50.50372754089568
25824 50.50372754089568
24550 47.59220193244427
50641 44.37612043535754
56040 44.07508747913521
42529 41.59236261766043
39895 33.99902660802574
39893 33.99902660802574
37078 30.00630063006301
37688 7.913480885311871
39939 7.593336009634685
22961 7.550795593635251
31141 7.550795593635251
6635 7.550795593635251
7937 7.550795593635251
27966 7.550795593635251
