77907 916.421894307962
77381 907.5884577754542
82085 847.7084440155647
82519 677.876383472049
80922 650.4148767641027
82106 384.88188742801754
79949 290.42083104374126
68664 129.875664205076
27974 81.03030303030305
39122 41.852525252525254
26276 41.601154401154396
18877 34.290043290043286
22987 34.290043290043286
86448 29.666666666666664
63141 25.290043290043293
48375 20.666666666666664
74778 20.488888888888887
39620 20.488888888888887
38588 18.0
69164 18.0
22472 11.488888888888889
57024 9.623376623376624
34010 9.623376623376624
69142 9.0
74777 9.0
40800 9.0
71111 9.0
