74632 201.35053454634274
78775 177.7972778413619
56499 172.60580583542938
40554 156.9782302223143
59083 139.03383698114686
78928 135.76924669564445
71223 133.4409245926487
69725 129.94932332399696
14933 127.8668860480113
19953 121.89084249084247
76216 120.84092459264872
63280 114.98380608261763
86111 94.54524862111069
38191 94.20195360195362
67522 82.56539446216865
6940 69.34524862111068
75770 68.97340254603881
22250 54.37973137973138
46655 45.53846153846154
45374 45.53846153846154
60588 38.74898785425101
66301 38.53846153846154
4984 18.460317460317462
15228 8.538461538461538
80102 8.538461538461538
78479 8.538461538461538
9384 7.0
45159 7.0
