58428 826.739191384837
58582 813.2155550212007
68812 568.7657044821497
59340 561.0856398704926
62293 527.6445156841528
58676 468.8321412009326
64476 465.8545604037949
56735 464.53226271972574
67717 446.4727422219767
67144 443.4161392647583
65289 434.57074950377086
78626 307.74592782040344
58651 295.8192208186855
82229 292.7439673017489
46566 282.85314894576106
61540 238.08785130406446
16953 132.95859237536658
26073 110.29250192931008
49766 102.2956756899791
31530 75.82901960784314
75624 52.5698139768728
24340 52.142222222222216
23398 48.54666666666667
61554 41.15032679738562
16575 38.762352941176474
25832 27.88
34684 27.88
51780 27.88
55187 27.88
15776 27.88
29314 27.88
4933 27.88
56519 27.88
51841 27.88
73598 27.88
17498 10.739130434782608
11402 8.17948717948718
58504 8.17948717948718
29729 7.3999999999999995
