83370 1566.8340266742118
59459 1149.509665045502
81463 1104.6065208975058
27426 858.7586062390654
82912 745.4954097863963
6062 577.1235671362923
84873 553.4520935806084
66866 553.2082012410639
61141 521.4088187268073
78569 482.0171489168308
72468 440.0933125701112
78586 378.58443670150984
16391 340.95501755721665
27106 318.85227295881987
2738 71.43205574912892
9117 62.546341463414635
29311 52.10526315789474
26644 46.51282051282051
53387 43.146341463414636
79396 43.146341463414636
42847 43.146341463414636
55692 43.146341463414636
71622 43.146341463414636
75108 43.146341463414636
26432 43.146341463414636
34793 43.146341463414636
56704 43.146341463414636
59022 43.146341463414636
26386 43.146341463414636
26385 43.146341463414636
14069 43.146341463414636
54609 43.146341463414636
77171 43.146341463414636
85889 43.146341463414636
20159 43.146341463414636
26258 43.146341463414636
70200 30.33684210526316
24107 19.400000000000002
31472 14.142857142857142
46863 14.142857142857142
21894 13.512820512820513
21897 13.512820512820513
39658 13.512820512820513
43566 11.231578947368423
