15074 3301.938492654778
13294 3301.938492654778
14772 3296.58242326538
13309 3059.3915970950948
15410 2904.670905340132
17004 2894.558161605502
15415 2537.0970653083145
14556 1873.9980987581328
79604 1502.8670074691397
14439 1100.0329092894299
29645 1094.9289121576253
75560 1057.1334651493905
9384 1003.7265753759374
34792 882.9147215085889
50029 236.149735020671
75621 234.19302506396104
79669 234.19302506396104
54296 214.23123989524714
39215 213.83866656937604
7289 207.97097911233251
47899 201.6217956268024
71726 199.4068956571098
15288 191.28393740659126
62800 180.10111630612312
58913 177.7168440581975
75389 172.43293094179168
81408 171.15711394832763
16632 156.49555720441796
34744 152.15711394832763
14655 148.46447717333794
16992 146.59311414826067
46229 136.4409337497945
17782 133.30957843223229
7730 132.12181983068058
11445 131.90559631938942
71564 131.06746581792717
49980 130.37638451773793
6604 124.03904349618637
7320 118.11358198451796
75327 116.96692108957495
77066 114.84015040615404
10675 113.64865326244636
9993 108.97413922435337
43938 105.76263736263738
9819 105.76263736263738
3885 103.72100840336135
38684 103.07091963692326
45221 102.13870573870575
28141 99.84113354999432
45050 98.86055856941934
13221 97.38139329025405
33391 96.17348373948737
5108 92.58374014974378
20412 88.42918602039973
25392 84.87523812545227
29535 84.61792818393181
57102 84.61792818393181
3868 83.6857142857143
9820 83.6857142857143
44187 83.6857142857143
29520 83.1032323534465
5140 76.09427715142002
80049 74.56251935373305
23121 74.56251935373305
82630 74.15532440963972
77009 54.527225236086
65688 54.527225236086
17787 54.527225236086
59764 54.527225236086
42245 54.527225236086
20858 49.58276643990929
14486 37.266707975568735
13518 36.90364246964609
17857 31.83116883116883
18345 22.076923076923077
73326 19.62809917355372
68028 19.62809917355372
31141 19.62809917355372
73898 16.342657342657343
