53720 2933.7481306915975
39922 2447.662223436919
54175 2313.1675745581806
54747 2135.2120190026244
44818 2050.195463943737
62470 1872.2452097088585
73186 1628.676740976974
76564 1628.676740976974
72052 1628.676740976974
86296 1569.7269130692378
86159 1569.7269130692378
69461 1439.6985147532255
38244 1194.301777310349
61734 950.652318566757
78866 809.9559443365447
54157 753.3560993392573
80435 639.648115942029
79418 599.3333333333333
34274 229.8151934261025
59532 155.29854964207905
84331 151.33333333333331
13984 148.55072463768113
68853 134.33333333333331
77971 134.33333333333331
74775 134.33333333333331
77921 134.33333333333331
36992 81.20736951785545
44789 80.54171310629515
7121 77.78612619703529
36966 66.98997821350763
66005 66.98997821350763
16877 66.95193675889328
64629 66.3650623885918
44857 62.65806295592857
68921 54.01960784313725
67271 54.01960784313725
54203 51.83793017898281
69428 49.11298245614035
82415 41.85037037037037
53615 36.13333333333333
36985 31.377200577200576
70648 29.87438016528926
67794 29.40892561983471
4408 24.225454545454546
29942 14.642105263157896
55832 14.642105263157896
71255 12.97037037037037
65439 12.345454545454546
61683 11.88
45278 11.88
61721 11.88
66084 11.88
