3827 740.4930257152403
3833 739.7789155364271
33172 731.5368519457397
15200 712.4720571580523
13320 712.4720571580523
19599 708.1882423112875
20127 703.9837477952163
9703 696.566896756498
38442 692.4596639518832
29894 686.3847900464971
7118 685.3288426633579
15082 679.5555729141338
21895 676.8623626196334
28662 676.4925120624002
11923 675.5880590285253
11930 675.5880590285253
30486 672.9371973463044
20133 671.9590434323374
29908 670.5199575233432
20688 664.9576385409475
19601 655.4606329616063
6497 652.0880915543916
20766 649.6200692340485
19615 649.3801692777708
25699 648.0752459067587
23377 647.8789445732017
13313 641.214972991812
35396 633.4379921222229
12812 632.914491347221
11481 628.9439897620414
4306 622.6875848081636
6503 621.7900605796515
22690 619.3045582688851
11485 618.900960129774
13335 614.292322937549
27870 604.6562799638747
27384 603.3874397503589
8333 594.6488493739569
9790 570.7202803341137
7502 563.3596800554263
16897 560.6729400177145
15077 556.149035832518
29904 545.6098634688675
16899 533.7501978640637
14707 529.0719282704716
24490 527.3558417802824
25100 526.672242194028
3828 526.3750637250951
47551 522.0804339812265
73614 512.515347133898
26611 512.2369087523765
20201 511.7998424748406
29911 505.0964683554487
53502 503.79368032401936
39349 500.75885604138693
12479 499.892470273557
6636 499.15214396806755
76766 496.374347782089
13345 494.9768517992325
6498 494.4671563340328
7115 494.4671563340328
65364 479.52315325247594
8327 474.7161363766159
64626 469.5172151829453
14713 467.1798775485753
79021 455.08858094340644
64657 453.1960815195116
25096 452.87651659656524
29906 451.64077252260245
44163 451.44199296098424
6534 448.86771879514373
3834 443.86804519712314
71001 436.5292808344965
4881 435.9909925846328
3837 425.87929112362775
67280 422.2704514250071
81731 420.88326274448383
8455 419.92698211872744
73598 419.7864182326293
53682 413.2902882845015
49884 413.2902882845015
16922 410.47242446997353
33668 409.83202147788353
4395 409.7944650797084
33203 406.17750881043395
70668 394.07517699603494
11979 383.18873829372586
64645 380.9108281602544
13314 375.29643057218334
49815 374.34235358353567
4358 373.9013277595464
73706 371.15261946192084
58755 370.47291907987466
17517 366.2341289187575
77310 356.1354835864828
36447 343.15043132264424
46736 341.92296779814166
51210 341.92296779814166
66107 332.1740556607102
17587 330.41026147300056
24485 328.0831394272052
30456 326.61308429570647
19033 326.2961988251261
3835 322.6164232510979
61689 315.72535609487375
53469 313.80170903453586
29920 305.03544102273787
24515 303.38780153306277
71368 297.5389273146086
54745 297.0373873188848
53523 297.0371407903509
73762 294.2638961092325
65446 290.8512325619789
13342 286.5755675849018
19634 286.55055722251313
28657 283.3433615402258
65306 283.17944081148585
68419 283.17944081148585
65036 282.2512325619789
20160 281.6898738384281
5862 280.32835618579827
73038 274.078852908865
54762 263.638071473616
65394 263.17899082084125
6735 262.22556695804826
3976 261.08659489575604
25103 253.70271344734886
4439 251.40287201752093
76690 250.41368002634806
4310 243.8736891381435
29913 234.82151061243962
3265 217.80772790121534
73641 205.35957512596383
29935 204.68373989972287
13332 204.30401047540172
25205 184.6483563677347
11960 180.39654299093164
82227 178.89718400173896
12825 177.82439402983738
68909 171.9751023738232
16390 170.45196350002854
76635 169.1392931104077
11083 155.896226359073
56829 152.80800166691702
73746 150.0006816245277
44865 149.9208196135222
37078 142.52849678275186
41594 138.78034942416153
22751 133.61696543903994
44758 123.07749813595667
20199 122.61246444641392
49856 119.32351119928877
17609 117.91534187777314
20156 114.24755048971628
19781 114.24755048971628
16954 107.63475168952417
9726 100.22936947575491
26603 95.73484598910106
27386 92.16144605570112
78836 89.74036900223682
20705 88.18096503740595
64664 87.82511812221445
73320 86.13416563209796
17619 84.4810975668998
58476 75.33098602866916
4933 73.63311792459209
26080 70.21013679703168
11922 67.42524980173874
75563 64.08854368626665
10182 63.309721774730896
78982 59.503371287300126
65414 59.26341588706542
41541 56.93431607693068
67861 53.81369150916435
3972 51.79133014590982
24550 51.67360183331728
12769 47.76890254309609
12767 47.76890254309609
26061 47.76890254309609
32366 47.76890254309609
81494 45.813533834586465
47516 45.813533834586465
70306 43.65656565656566
79759 42.18094954886059
57914 42.161262050832605
9479 42.15824175824176
86929 41.79511804721889
86912 41.79511804721889
85372 36.142857142857146
29314 34.86050625037086
33188 20.791458934073532
16575 20.791458934073532
48805 18.28218748309623
22858 15.183818441810047
54780 14.821317244846655
76675 11.626045400238947
9358 11.626045400238947
6635 6.015384615384615
7937 6.015384615384615
