66880 1024.379038849007
66895 1024.379038849007
85344 860.7203922324652
85663 849.2964991664669
55609 614.7902335023078
83678 516.0320045967105
58199 500.3407765265351
52661 480.6836336693922
85759 478.17924524735673
60293 456.88400715211867
75205 431.0196796667385
37202 420.56571141277027
68709 420.56571141277027
61165 410.54348919054803
75183 225.5657114127702
46157 155.9281045751634
60154 118.32126696832579
60224 118.32126696832579
25903 69.63760683760684
61161 58.705882352941174
51453 39.705882352941174
24044 29.022222222222222
52489 19.0
51260 19.0
31619 19.0
41074 19.0
84829 10.022222222222222
