5226 2631.6044031069737
5225 2631.6044031069737
5004 2631.6044031069737
2493 2446.3014079378895
2494 2446.3014079378895
48148 898.4666180646567
49633 881.7671471651857
3008 658.1173736316595
86961 506.09882710656825
86042 506.09882710656825
80484 270.4839524719224
80483 270.4839524719224
80884 270.4839524719224
40239 205.51559995559995
5223 183.81177202079456
15744 160.7554796158523
51493 84.8766773966774
33961 78.63628435057007
80118 70.46162375636061
62213 60.67417027417027
48587 58.768009768009776
64966 48.81245421245421
65210 36.21245421245422
40259 33.7037037037037
59813 11.571428571428573
