60221 1104.691313767551
60155 1094.109918418714
62292 1039.18237496952
62212 802.4139407413486
58503 770.9097333494499
55848 716.1439978075288
75471 580.8273121153468
75641 539.4571032607364
58514 527.3428661991129
65284 512.7865431630719
50327 431.08160371190445
35053 428.7003015698212
81592 409.8627139941791
78720 405.6663347584686
52215 394.7577931015703
76612 384.41230148511096
83965 379.98803382887627
62213 369.30988609965533
39304 354.28899998654566
19480 321.4258272828415
17505 307.5649838547497
27814 253.22901874994903
39864 250.58293375105632
39883 224.47119410443293
85236 126.74813147731379
41320 97.60122151750058
19505 97.336588795725
71517 80.38209144122766
43628 70.7123326286117
6119 69.70454042081948
39972 67.89713301341209
61475 65.25565465961846
75561 59.46856158484066
57150 58.075968992248065
83429 49.075968992248065
80643 49.075968992248065
80497 49.075968992248065
82226 49.075968992248065
83315 49.075968992248065
83314 49.075968992248065
83332 49.075968992248065
9954 49.075968992248065
63259 49.075968992248065
25144 39.08027006751688
59351 35.73763440860215
25765 26.209302325581394
51691 22.866666666666667
85214 22.866666666666667
86878 22.866666666666667
70026 22.866666666666667
47192 9.0
