72899 1381.1539836618474
83958 1343.8524214261627
83312 1343.1775123352538
75593 1306.2836243675383
72826 1242.30653376021
75465 1167.3663764883916
46494 829.3910670115289
21791 618.9219747058554
78782 581.7896145316753
73475 576.8256264671335
75487 548.1019312616584
46509 478.8015942409534
75590 376.2018664545119
35148 334.99551320772434
58611 315.4756511857898
58426 315.4756511857898
83339 228.1000474333808
16727 218.49036165738735
83336 175.99563361671932
75714 140.06891438342421
83946 129.98904872448733
55879 119.81578669240177
83913 110.85313994473415
72895 110.714898255761
43886 106.007941050294
71186 101.48709615492224
83332 95.45798842958264
44081 86.35314623000897
73037 76.76347852215122
11342 73.88638600403307
11360 59.469243146890214
82927 52.86843450946015
64685 49.27423858193089
67535 46.38471042471043
81788 45.36839506172839
85393 44.96716352716353
16900 42.95061728395062
24350 40.599767610748
24827 40.599767610748
24499 36.676915010248344
8369 33.95783229116563
9660 32.26453726453727
31459 29.381728395061728
47225 29.24848484848485
51258 27.396825396825395
16655 26.86843450946015
63773 26.86843450946015
49804 24.10934744268078
82198 24.10934744268078
3142 23.83506172839506
86751 20.562770562770567
72821 19.4
83428 13.395061728395062
64275 13.395061728395062
22696 13.395061728395062
83266 13.395061728395062
20126 13.395061728395062
41297 13.395061728395062
22875 13.395061728395062
83880 13.395061728395062
55197 13.395061728395062
86881 13.395061728395062
9413 13.395061728395062
11669 13.395061728395062
83268 13.395061728395062
76669 13.395061728395062
83185 13.395061728395062
83427 13.395061728395062
67400 13.395061728395062
58143 9.84848484848485
15746 9.416
