41556 347.2355388485266
40131 347.2355388485266
65501 322.90762039017324
65311 322.90762039017324
44221 257.5854545585177
65465 254.7461297069434
66118 254.7461297069434
59518 191.17998436128545
82689 119.24768203355978
67433 113.94133925353279
67275 113.94133925353279
66181 20.59340659340659
42848 20.03318250377074
31784 19.94871794871795
52721 19.042386185243327
68756 18.79623233908948
34733 14.36923076923077
80891 11.734693877551019
79698 7.3076923076923075
49229 7.3076923076923075
78998 7.3076923076923075
46122 7.3076923076923075
